read serr 1
read terr 2
 8.20 1.5 0.371 -0.018 0.018
11.20 1.5 0.387 -0.016 0.016
14.20 1.5 0.383 -0.016 0.016
17.20 1.5 0.371 -0.018 0.018
20.20 1.5 0.360 -0.022 0.023
23.20 1.5 0.359 -0.033 0.034
26.20 1.5 0.400 -0.043 0.045
29.20 1.5 0.292 -0.038 0.039
32.20 1.5 0.381 -0.042 0.043
35.35 1.6 0.298 -0.041 0.043
39.50 2.5 0.285 -0.044 0.045
44.50 2.5 0.341 -0.047 0.050
50.00 3.0 0.346 -0.056 0.060
56.50 3.5 0.306 -0.065 0.071
65.00 5.0 0.369 -0.072 0.078
76.00 6.0 0.675 -0.143 0.161
88.50 6.5 0.614 -0.365 0.503
