read serr 1
read terr 2
 8.20   1.5 6.090 -0.062 0.062
11.20   1.5 6.278 -0.054 0.055
14.20   1.5 6.105 -0.055 0.056
17.20   1.5 6.110 -0.063 0.063
20.20   1.5 5.709 -0.080 0.081
23.20   1.5 5.347 -0.087 0.088
26.20   1.5 5.173 -0.109 0.110
29.20   1.5 5.017 -0.106 0.107
32.20   1.5 5.308 -0.111 0.112
35.35   1.6 5.132 -0.120 0.123
39.50   2.5 4.586 -0.127 0.128
44.50   2.5 4.696 -0.132 0.135
50.00   3.0 4.205 -0.118 0.126
56.50   3.5 4.166 -0.146 0.149
65.00   5.0 4.033 -0.149 0.151
76.00   6.0 3.571 -0.233 0.242
88.50   6.5 3.605 -0.585 0.679
