read serr 1
read terr 2
 8.20   1.5 6.449 -0.101 0.102
11.20   1.5 6.820 -0.091 0.114
14.20   1.5 6.354 -0.098 0.099
17.20   1.5 6.230 -0.111 0.112
20.20   1.5 5.788 -0.150 0.152
23.20   1.5 6.119 -0.242 0.245
26.20   1.5 6.200 -0.312 0.316
29.20   1.5 5.273 -0.199 0.247
32.20   1.5 5.532 -0.235 0.272
35.35   1.6 5.160 -0.223 0.228
39.50   2.5 4.725 -0.246 0.251
44.50   2.5 4.734 -0.294 0.300
50.00   3.0 4.089 -0.224 0.227
56.50   3.5 3.514 -0.254 0.276
65.00   5.0 3.617 -0.234 0.250
76.00   6.0 2.977 -0.262 0.251
88.50   6.5 0.914 -0.332 0.203
